52 132 0
56 152 0
60 172 0
70 193 0
85 210 0
106 222 0
130 231 0
153 236 0
174 235 0
188 226 0
192 213 0
195 193 0
197 177 0
199 163 0
199 145 0
197 131 0
193 116 0
100 118 0
114 108 0
128 102 0
144 101 0
157 103 0
171 100 0
180 95 0
185 95 0
191 96 0
193 100 0
168 112 0
173 123 0
178 133 0
184 144 0
160 161 0
171 161 0
180 161 0
186 156 0
191 152 0
118 125 0
130 121 0
137 119 0
144 118 0
138 122 0
130 124 0
173 112 0
178 109 0
185 110 0
189 110 0
187 113 0
179 114 0
144 190 0
160 183 0
173 178 0
179 179 0
184 176 0
187 177 0
190 181 0
189 190 0
187 196 0
182 198 0
176 200 0
162 198 0
148 189 0
179 184 0
183 183 0
187 181 0
180 188 0
174 189 0
